data/755/cw202/38_5724_20170915090347.wav 1.027 4.352000 0.24
data/755/cw202/38_5724_20170915091247.wav 1.019 4.266687 0.24
data/755/cw202/38_5724_20170915091408.wav 0.893 2.389375 0.37
data/755/cw202/38_5724_20170915091500.wav 0.942 4.010688 0.23
data/755/cw202/38_5724_20170915091529.wav 0.860 3.498687 0.25
data/755/cw202/38_5724_20170915091537.wav 0.916 4.010688 0.23
data/755/cw202/38_5724_20170915091629.wav 0.964 3.840000 0.25
data/755/cw202/38_5724_20170915091715.wav 1.169 4.864000 0.24
data/755/cw202/38_5724_20170915091806.wav 0.847 3.242688 0.26
data/755/cw202/38_5724_20170915091821.wav 1.313 5.376000 0.24
data/755/cw202/38_5724_20170915091918.wav 1.231 5.205375 0.24
data/755/cw202/38_5724_20170915091926.wav 0.880 3.584000 0.25
data/755/cw202/38_5724_20170915091943.wav 1.132 4.778688 0.24
data/755/cw202/38_5724_20170915092015.wav 1.086 4.608000 0.24
data/755/cw202/38_5724_20170915092147.wav 1.079 4.437375 0.24
data/755/cw202/38_5724_20170915092226.wav 1.344 5.717375 0.24
data/755/cw202/38_5724_20170915092244.wav 1.357 5.546687 0.24
data/755/cw202/38_5724_20170915092313.wav 1.000 4.096000 0.24
data/755/cw202/38_5724_20170915092426.wav 1.135 4.778688 0.24
data/755/cw202/38_5724_20170915092432.wav 0.808 3.413375 0.24
data/755/cw202/38_5724_20170915092447.wav 0.850 3.584000 0.24
data/755/cw202/38_5724_20170915092516.wav 1.157 4.096000 0.28
data/755/cw202/38_5724_20170915092524.wav 1.200 4.352000 0.28
data/755/cw202/38_5781_20170915164244.wav 1.401 5.290687 0.26
data/755/cw202/38_5781_20170915164326.wav 1.718 6.058687 0.28
data/755/cw202/38_5781_20170915164400.wav 1.338 5.376000 0.25
data/755/cw202/38_5781_20170915164416.wav 1.370 5.205375 0.26
data/755/cw202/38_5781_20170915164429.wav 0.906 3.413375 0.27
data/755/cw202/38_5781_20170915164548.wav 1.089 4.437375 0.25
data/755/cw202/38_5781_20170915164604.wav 1.252 5.034688 0.25
data/755/cw202/38_5781_20170915164745.wav 1.236 4.949375 0.25
data/755/cw202/38_5781_20170915164807.wav 1.367 5.290687 0.26
data/755/cw202/38_5781_20170915164830.wav 1.190 4.949375 0.24
data/755/cw202/38_5781_20170915164845.wav 1.290 4.864000 0.27
data/755/cw202/38_5781_20170915164942.wav 1.156 4.096000 0.28
data/755/cw202/38_5781_20170915164950.wav 1.155 4.864000 0.24
data/755/cw202/38_5781_20170915165013.wav 1.283 5.546687 0.23
data/755/cw202/38_5781_20170915165101.wav 1.365 5.717375 0.24
data/755/cw202/38_5781_20170915165124.wav 1.264 4.949375 0.26
data/755/cw202/38_5781_20170915165131.wav 0.955 4.010688 0.24
data/755/cw202/38_5781_20170915165146.wav 1.262 5.205375 0.24
data/755/cw202/38_5781_20170915165246.wav 0.935 3.413375 0.27
data/755/cw202/38_5781_20170915165306.wav 0.953 3.669375 0.26
data/755/cw202/38_5781_20170915165328.wav 1.091 4.266687 0.26
data/755/cw202/38_5781_20170915165345.wav 1.298 5.290687 0.25
data/755/cw202/38_5781_20170915165421.wav 1.244 5.034688 0.25
data/755/cw202/38_5781_20170915165434.wav 0.901 3.584000 0.25
data/755/cw202/38_5781_20170915165502.wav 1.156 4.608000 0.25
data/755/cw202/38_5781_20170915165523.wav 1.279 4.949375 0.26
data/755/cw202/38_5858_20170917194718.wav 1.648 7.082687 0.23
data/755/cw202/38_5858_20170917194804.wav 1.188 4.778688 0.25
data/755/cw202/38_5858_20170917195152.wav 1.091 4.608000 0.24
data/755/cw202/38_5858_20170917195255.wav 1.072 4.096000 0.26
data/755/cw202/38_5858_20170917195324.wav 1.010 4.010688 0.25
data/755/cw202/38_5858_20170917195334.wav 1.212 4.949375 0.24
data/755/cw202/38_5858_20170917195417.wav 1.196 5.034688 0.24
data/755/cw202/38_5858_20170917195443.wav 1.295 5.034688 0.26
data/755/cw202/38_5858_20170917195559.wav 1.061 4.437375 0.24
data/755/cw202/38_5858_20170917195618.wav 1.201 4.693375 0.26
data/755/cw202/38_5858_20170917195628.wav 1.357 5.546687 0.24
data/755/cw202/38_5858_20170917195639.wav 1.401 5.632000 0.25
data/755/cw202/38_5858_20170917200916.wav 1.261 5.205375 0.24
data/755/cw202/38_5858_20170917200934.wav 1.340 5.205375 0.26
data/755/cw202/38_5858_20170917201105.wav 1.812 6.741375 0.27
data/755/cw202/38_5858_20170917201331.wav 1.438 5.632000 0.26
data/755/cw202/38_5858_20170917213329.wav 1.390 5.376000 0.26
data/755/cw202/38_5858_20170917213338.wav 1.331 5.376000 0.25
data/755/cw202/38_5858_20170917213416.wav 1.151 4.949375 0.23
data/755/cw202/38_5858_20170917213602.wav 1.382 5.973375 0.23
data/755/cw202/38_5887_20170917200452.wav 0.758 2.901375 0.26
data/755/cw202/38_5887_20170917200513.wav 0.830 3.157375 0.26
data/755/cw202/38_5887_20170917200547.wav 0.794 3.157375 0.25
data/755/cw202/38_5887_20170917200611.wav 0.834 3.413375 0.24
data/755/cw202/38_5887_20170917200629.wav 0.704 2.986687 0.24
data/755/cw202/38_5887_20170917200711.wav 0.867 4.010688 0.22
data/755/cw202/38_5887_20170917200743.wav 0.886 3.413375 0.26
data/755/cw202/38_5887_20170917200749.wav 0.714 2.645375 0.27
data/755/cw202/38_5887_20170917200841.wav 0.781 3.242688 0.24
data/755/cw202/38_5887_20170917200854.wav 0.788 3.157375 0.25
data/755/cw202/38_5887_20170917200907.wav 0.696 3.072000 0.23
data/755/cw202/38_5887_20170917201116.wav 0.727 3.157375 0.23
data/755/cw202/38_5887_20170917201122.wav 0.745 2.816000 0.26
data/755/cw202/38_5887_20170917201135.wav 0.909 3.840000 0.24
data/755/cw202/38_5887_20170917201214.wav 0.719 2.816000 0.26
data/755/cw202/38_5887_20170917201259.wav 0.743 3.072000 0.24
data/755/cw202/38_5887_20170917201307.wav 1.036 4.096000 0.25
data/755/cw202/38_5887_20170917201315.wav 0.994 4.181375 0.24
data/755/cw202/38_5887_20170917201322.wav 0.809 3.498687 0.23
data/755/cw202/38_5887_20170917201406.wav 0.707 2.816000 0.25
data/755/cw202/38_5887_20170917201412.wav 0.743 3.072000 0.24
data/755/cw202/38_5887_20170917201435.wav 0.825 3.413375 0.24
data/755/cw202/38_5887_20170917201508.wav 1.076 3.754688 0.29
data/755/cw202/38_5887_20170917201514.wav 0.836 2.986687 0.28
data/755/cw202/38_5887_20170917201551.wav 0.965 3.498687 0.28
data/755/cw202/38_5887_20170917201619.wav 0.660 2.816000 0.23
