data/755/sing107/38_5716_20170914202341.wav 0.932 3.413375 0.27
data/755/sing107/38_5716_20170914202554.wav 1.128 4.437375 0.25
data/755/sing107/38_5716_20170914202620.wav 0.999 3.840000 0.26
data/755/sing107/38_5716_20170914202628.wav 0.987 3.840000 0.26
data/755/sing107/38_5716_20170914202702.wav 0.953 3.584000 0.27
data/755/sing107/38_5716_20170914202719.wav 0.887 3.413375 0.26
data/755/sing107/38_5724_20170914195305.wav 0.902 3.498687 0.26
data/755/sing107/38_5724_20170914195530.wav 0.742 2.645375 0.28
data/755/sing107/38_5724_20170914195643.wav 0.980 3.925375 0.25
data/755/sing107/38_5724_20170914195749.wav 0.752 2.901375 0.26
data/755/sing107/38_5724_20170914200435.wav 0.936 3.669375 0.26
data/755/sing107/38_5724_20170914200442.wav 0.891 3.413375 0.26
data/755/sing107/38_5724_20170914204453.wav 0.919 3.754688 0.24
data/755/sing107/38_5724_20170914204646.wav 1.006 4.010688 0.25
data/755/sing107/38_5724_20170914205328.wav 0.813 3.328000 0.24
data/755/sing107/38_5724_20170915085434.wav 0.616 2.560000 0.24
data/755/sing107/38_5724_20170915085837.wav 0.670 2.816000 0.24
data/755/sing107/38_5724_20170915085906.wav 0.907 3.498687 0.26
data/755/sing107/38_5724_20170915091009.wav 1.060 4.352000 0.24
data/755/sing107/38_5724_20170915091017.wav 1.000 4.096000 0.24
data/755/sing107/38_5724_20170915091043.wav 0.799 3.157375 0.25
data/755/sing107/38_5724_20170915091103.wav 0.813 3.413375 0.24
data/755/sing107/38_5724_20170915091208.wav 0.853 3.669375 0.23
data/755/sing107/38_5724_20170915091254.wav 0.722 2.986687 0.24
data/755/sing107/38_5724_20170915091438.wav 0.806 3.242688 0.25
data/755/sing107/38_5724_20170915091508.wav 0.871 3.754688 0.23
data/755/sing107/38_5724_20170915091515.wav 0.828 3.498687 0.24
data/755/sing107/38_5724_20170915091611.wav 1.034 4.437375 0.23
data/755/sing107/38_5724_20170915091644.wav 0.898 3.498687 0.26
data/755/sing107/38_5724_20170915092321.wav 1.154 4.608000 0.25
data/755/sing107/38_5724_20170915092328.wav 0.915 3.584000 0.26
data/755/sing107/38_5724_20170915092338.wav 0.931 3.754688 0.25
data/755/sing107/38_5724_20170915092408.wav 0.937 3.840000 0.24
data/755/sing107/38_5781_20170915160235.wav 1.219 4.352000 0.28
data/755/sing107/38_5781_20170915160839.wav 0.912 3.754688 0.24
data/755/sing107/38_5781_20170915161114.wav 1.033 4.010688 0.26
data/755/sing107/38_5781_20170915161150.wav 0.977 3.840000 0.25
data/755/sing107/38_5781_20170915161539.wav 1.372 5.632000 0.24
data/755/sing107/38_5781_20170915161936.wav 1.001 3.925375 0.26
data/755/sing107/38_5781_20170915162416.wav 1.244 5.034688 0.25
data/755/sing107/38_5781_20170915162523.wav 1.141 4.096000 0.28
data/755/sing107/38_5781_20170915163106.wav 1.006 4.010688 0.25
data/755/sing107/38_5781_20170915163229.wav 0.998 3.413375 0.29
data/755/sing107/38_5781_20170915163555.wav 1.037 3.840000 0.27
data/755/sing107/38_5781_20170915164228.wav 1.094 4.096000 0.27
data/755/sing107/38_5781_20170915164309.wav 1.088 4.437375 0.25
data/755/sing107/38_5781_20170915164339.wav 1.080 4.266687 0.25
data/755/sing107/38_5781_20170915164504.wav 1.134 4.437375 0.26
data/755/sing107/38_5781_20170915164519.wav 1.242 4.864000 0.26
data/755/sing107/38_5781_20170915164534.wav 1.427 4.437375 0.32
data/755/sing107/38_5781_20170915164541.wav 1.001 3.925375 0.26
data/755/sing107/38_5781_20170915164614.wav 1.469 5.546687 0.26
data/755/sing107/38_5781_20170915165005.wav 1.291 4.949375 0.26
data/755/sing107/38_5781_20170915165022.wav 1.318 5.034688 0.26
data/755/sing107/38_5781_20170915165210.wav 1.253 4.778688 0.26
data/755/sing107/38_5781_20170915165314.wav 1.185 4.864000 0.24
data/755/sing107/38_5781_20170915165352.wav 1.162 4.352000 0.27
data/755/sing107/38_5781_20170915165448.wav 0.944 4.010688 0.24
data/755/sing107/38_5781_20170915165529.wav 0.975 3.754688 0.26
data/755/sing107/38_5781_20170915165614.wav 1.119 4.522687 0.25
data/755/sing107/38_5858_20170917184846.wav 1.160 4.693375 0.25
data/755/sing107/38_5858_20170917185108.wav 1.192 4.608000 0.26
data/755/sing107/38_5858_20170917185602.wav 1.147 4.522687 0.25
data/755/sing107/38_5858_20170917190652.wav 1.233 4.778688 0.26
data/755/sing107/38_5858_20170917190743.wav 1.265 4.949375 0.26
data/755/sing107/38_5858_20170917191624.wav 1.218 4.778688 0.25
data/755/sing107/38_5858_20170917191635.wav 1.181 4.522687 0.26
data/755/sing107/38_5858_20170917191944.wav 0.975 3.840000 0.25
data/755/sing107/38_5858_20170917192056.wav 1.129 4.266687 0.26
data/755/sing107/38_5858_20170917192650.wav 1.158 4.266687 0.27
data/755/sing107/38_5858_20170917193007.wav 1.112 4.096000 0.27
data/755/sing107/38_5858_20170917193647.wav 1.004 4.181375 0.24
data/755/sing107/38_5858_20170917193832.wav 1.089 4.181375 0.26
data/755/sing107/38_5858_20170917194349.wav 1.065 4.096000 0.26
data/755/sing107/38_5858_20170917194707.wav 1.211 4.864000 0.25
data/755/sing107/38_5858_20170917194904.wav 1.277 4.864000 0.26
data/755/sing107/38_5858_20170917195004.wav 1.180 4.778688 0.25
data/755/sing107/38_5858_20170917195201.wav 1.187 4.778688 0.25
data/755/sing107/38_5858_20170917195226.wav 1.098 4.437375 0.25
data/755/sing107/38_5858_20170917195247.wav 1.492 6.058687 0.25
data/755/sing107/38_5858_20170917195457.wav 1.524 5.888000 0.26
data/755/sing107/38_5858_20170917195610.wav 1.419 5.546687 0.26
data/755/sing107/38_5858_20170917200959.wav 1.387 5.290687 0.26
data/755/sing107/38_5858_20170917201229.wav 1.177 4.693375 0.25
data/755/sing107/38_5858_20170917201257.wav 1.272 4.693375 0.27
data/755/sing107/38_5858_20170917213407.wav 1.326 4.864000 0.27
data/755/sing107/38_5858_20170917213437.wav 1.865 6.570688 0.28
data/755/sing107/38_5887_20170917191438.wav 0.782 3.157938 0.25
data/755/sing107/38_5887_20170917191907.wav 0.723 2.879250 0.25
data/755/sing107/38_5887_20170917192027.wav 0.835 3.436562 0.24
data/755/sing107/38_5887_20170917192557.wav 0.774 2.972125 0.26
data/755/sing107/38_5887_20170917192745.wav 0.656 2.600625 0.25
data/755/sing107/38_5887_20170917193034.wav 0.644 2.507750 0.26
data/755/sing107/38_5887_20170917193116.wav 0.712 2.693500 0.26
data/755/sing107/38_5887_20170917193306.wav 0.826 3.157938 0.26
data/755/sing107/38_5887_20170917194002.wav 0.736 2.972125 0.25
data/755/sing107/38_5887_20170917195227.wav 0.707 2.816000 0.25
data/755/sing107/38_5887_20170917200111.wav 0.646 2.560000 0.25
data/755/sing107/38_5887_20170917200202.wav 0.705 2.986687 0.24
data/755/sing107/38_5887_20170917200416.wav 0.868 3.498687 0.25
data/755/sing107/38_5887_20170917200506.wav 0.755 2.986687 0.25
data/755/sing107/38_5887_20170917200539.wav 0.949 3.157375 0.30
data/755/sing107/38_5887_20170917200647.wav 0.663 2.645375 0.25
data/755/sing107/38_5887_20170917200717.wav 0.739 3.242688 0.23
data/755/sing107/38_5887_20170917201037.wav 0.638 2.816000 0.23
data/755/sing107/38_5887_20170917201400.wav 0.769 3.328000 0.23
data/755/sing107/38_5887_20170917201425.wav 1.037 3.072000 0.34
