data/755/cw202/38_5724_20170915090347.wav 1.032 4.352000 0.24
data/755/cw202/38_5724_20170915091247.wav 1.154 4.266687 0.27
data/755/cw202/38_5724_20170915091408.wav 0.933 2.389375 0.39
data/755/cw202/38_5724_20170915091500.wav 1.164 4.010688 0.29
data/755/cw202/38_5724_20170915091529.wav 1.055 3.498687 0.30
data/755/cw202/38_5724_20170915091537.wav 1.004 4.010688 0.25
data/755/cw202/38_5724_20170915091629.wav 1.124 3.840000 0.29
data/755/cw202/38_5724_20170915091715.wav 1.120 4.864000 0.23
data/755/cw202/38_5724_20170915091806.wav 0.786 3.242688 0.24
data/755/cw202/38_5724_20170915091821.wav 1.278 5.376000 0.24
data/755/cw202/38_5724_20170915091918.wav 1.187 5.205375 0.23
data/755/cw202/38_5724_20170915091926.wav 1.162 3.584000 0.32
data/755/cw202/38_5724_20170915091943.wav 1.361 4.778688 0.28
data/755/cw202/38_5724_20170915092015.wav 1.313 4.608000 0.28
data/755/cw202/38_5724_20170915092147.wav 1.010 4.437375 0.23
data/755/cw202/38_5724_20170915092226.wav 1.515 5.717375 0.26
data/755/cw202/38_5724_20170915092244.wav 1.618 5.546687 0.29
data/755/cw202/38_5724_20170915092313.wav 1.109 4.096000 0.27
data/755/cw202/38_5724_20170915092426.wav 1.084 4.778688 0.23
data/755/cw202/38_5724_20170915092432.wav 0.832 3.413375 0.24
data/755/cw202/38_5724_20170915092447.wav 1.083 3.584000 0.30
data/755/cw202/38_5724_20170915092516.wav 1.076 4.096000 0.26
data/755/cw202/38_5724_20170915092524.wav 1.150 4.352000 0.26
data/755/cw202/38_5781_20170915164244.wav 1.487 5.290687 0.28
data/755/cw202/38_5781_20170915164326.wav 1.999 6.058687 0.33
data/755/cw202/38_5781_20170915164400.wav 1.740 5.376000 0.32
data/755/cw202/38_5781_20170915164416.wav 1.353 5.205375 0.26
data/755/cw202/38_5781_20170915164429.wav 1.264 3.413375 0.37
data/755/cw202/38_5781_20170915164548.wav 1.344 4.437375 0.30
data/755/cw202/38_5781_20170915164604.wav 1.456 5.034688 0.29
data/755/cw202/38_5781_20170915164745.wav 1.422 4.949375 0.29
data/755/cw202/38_5781_20170915164807.wav 1.469 5.290687 0.28
data/755/cw202/38_5781_20170915164830.wav 1.539 4.949375 0.31
data/755/cw202/38_5781_20170915164845.wav 1.681 4.864000 0.35
data/755/cw202/38_5781_20170915164942.wav 1.289 4.096000 0.31
data/755/cw202/38_5781_20170915164950.wav 1.218 4.864000 0.25
data/755/cw202/38_5781_20170915165013.wav 1.864 5.546687 0.34
data/755/cw202/38_5781_20170915165101.wav 1.710 5.717375 0.30
data/755/cw202/38_5781_20170915165124.wav 1.467 4.949375 0.30
data/755/cw202/38_5781_20170915165131.wav 1.182 4.010688 0.29
data/755/cw202/38_5781_20170915165146.wav 1.488 5.205375 0.29
data/755/cw202/38_5781_20170915165246.wav 1.463 3.413375 0.43
data/755/cw202/38_5781_20170915165306.wav 1.059 3.669375 0.29
data/755/cw202/38_5781_20170915165328.wav 1.150 4.266687 0.27
data/755/cw202/38_5781_20170915165345.wav 2.622 5.290687 0.50
data/755/cw202/38_5781_20170915165421.wav 1.516 5.034688 0.30
data/755/cw202/38_5781_20170915165434.wav 1.101 3.584000 0.31
data/755/cw202/38_5781_20170915165502.wav 1.382 4.608000 0.30
data/755/cw202/38_5781_20170915165523.wav 1.489 4.949375 0.30
data/755/cw202/38_5858_20170917194718.wav 2.396 7.082687 0.34
data/755/cw202/38_5858_20170917194804.wav 1.160 4.778688 0.24
data/755/cw202/38_5858_20170917195152.wav 1.393 4.608000 0.30
data/755/cw202/38_5858_20170917195255.wav 1.207 4.096000 0.29
data/755/cw202/38_5858_20170917195324.wav 1.126 4.010688 0.28
data/755/cw202/38_5858_20170917195334.wav 1.450 4.949375 0.29
data/755/cw202/38_5858_20170917195417.wav 1.222 5.034688 0.24
data/755/cw202/38_5858_20170917195443.wav 1.447 5.034688 0.29
data/755/cw202/38_5858_20170917195559.wav 1.130 4.437375 0.25
data/755/cw202/38_5858_20170917195618.wav 1.236 4.693375 0.26
data/755/cw202/38_5858_20170917195628.wav 1.626 5.546687 0.29
data/755/cw202/38_5858_20170917195639.wav 1.756 5.632000 0.31
data/755/cw202/38_5858_20170917200916.wav 1.447 5.205375 0.28
data/755/cw202/38_5858_20170917200934.wav 1.468 5.205375 0.28
data/755/cw202/38_5858_20170917201105.wav 1.667 6.741375 0.25
data/755/cw202/38_5858_20170917201331.wav 1.649 5.632000 0.29
data/755/cw202/38_5858_20170917213329.wav 1.484 5.376000 0.28
data/755/cw202/38_5858_20170917213338.wav 1.577 5.376000 0.29
data/755/cw202/38_5858_20170917213416.wav 1.515 4.949375 0.31
data/755/cw202/38_5858_20170917213602.wav 1.648 5.973375 0.28
data/755/cw202/38_5887_20170917200452.wav 0.796 2.901375 0.27
data/755/cw202/38_5887_20170917200513.wav 0.848 3.157375 0.27
data/755/cw202/38_5887_20170917200547.wav 0.810 3.157375 0.26
data/755/cw202/38_5887_20170917200611.wav 0.973 3.413375 0.29
data/755/cw202/38_5887_20170917200629.wav 0.811 2.986687 0.27
data/755/cw202/38_5887_20170917200711.wav 0.941 4.010688 0.23
data/755/cw202/38_5887_20170917200743.wav 0.998 3.413375 0.29
data/755/cw202/38_5887_20170917200749.wav 0.706 2.645375 0.27
data/755/cw202/38_5887_20170917200841.wav 0.884 3.242688 0.27
data/755/cw202/38_5887_20170917200854.wav 0.794 3.157375 0.25
data/755/cw202/38_5887_20170917200907.wav 0.902 3.072000 0.29
data/755/cw202/38_5887_20170917201116.wav 0.836 3.157375 0.26
data/755/cw202/38_5887_20170917201122.wav 0.746 2.816000 0.26
data/755/cw202/38_5887_20170917201135.wav 1.168 3.840000 0.30
data/755/cw202/38_5887_20170917201214.wav 0.738 2.816000 0.26
data/755/cw202/38_5887_20170917201259.wav 0.803 3.072000 0.26
data/755/cw202/38_5887_20170917201307.wav 1.234 4.096000 0.30
data/755/cw202/38_5887_20170917201315.wav 1.151 4.181375 0.28
data/755/cw202/38_5887_20170917201322.wav 0.976 3.498687 0.28
data/755/cw202/38_5887_20170917201406.wav 0.756 2.816000 0.27
data/755/cw202/38_5887_20170917201412.wav 0.779 3.072000 0.25
data/755/cw202/38_5887_20170917201435.wav 0.963 3.413375 0.28
data/755/cw202/38_5887_20170917201508.wav 1.002 3.754688 0.27
data/755/cw202/38_5887_20170917201514.wav 0.850 2.986687 0.28
data/755/cw202/38_5887_20170917201551.wav 0.907 3.498687 0.26
data/755/cw202/38_5887_20170917201619.wav 0.794 2.816000 0.28
